objFixed : 98 244 243 152 150 6 5 98 124.38162994384766 125.43403625488281 171.7335205078125 173.1932830810547 -32.427555084228516 4 44.70196358519462
objFixed : 5 127 35 123 28 76 -1 80 16.94700813293457 102.11846923828125 30.51266098022461 46.99334716796875 -7.907163143157959 10 42.287512493693896
